# oST version 5.0 parameters


[image]

width
640

height
480

[narrow_stereo]

camera matrix
263.499348 0.000000 319.079314
0.000000 263.376306 244.282675
0.000000 0.000000 1.000000

distortion
-0.042155 0.001814 -0.000232 0.000111 0.000000

rectification
1.000000 0.000000 0.000000
0.000000 1.000000 0.000000
0.000000 0.000000 1.000000

projection
245.698318 0.000000 318.613910 0.000000
0.000000 253.301102 243.929716 0.000000
0.000000 0.000000 1.000000 0.000000
